201390752 0 263005475
772560454 263005475 186665885
3597849741 3228095269 216867970
959226339 951560560 85171934
2882237029 3813801625 34286208
0 586356609 16090261
1460387186 1189054013 136970257
2511361703 2581174071 147006778
201110502 1477157137 280250
3582774663 3444963239 15075078
2073881675 2245158204 30510333
3127914126 3163440286 64654983
1724767985 602446870 349113690
1597357443 1036732494 127410542
1044398273 1164143036 24910977
635875205 449671360 136685249
2916523237 2728180849 211390889
1069309250 1854080268 391077936
167223128 1820192894 33887374
4168481019 2454687794 126486277
3496254979 4048626015 86519684
2454687794 4238293387 56673909
2104392008 1648916365 171276529
3814717711 3460038317 353763308
464396227 1477437387 171478978
2658368481 2939571738 223868548
16090261 1326024270 151132867
3393107291 4135145699 103147688
3192569109 3848087833 200538182
