357701033 441924316 54941059
2047098412 1574732688 106451110
2414997091 2961420861 217583761
3647103220 3202843177 147888878
1781607871 3397471081 265490541
433955285 629676938 29320532
3280739425 2494455782 366363795
2818710889 1426835569 147897119
1120892574 3179004622 23838555
1539573533 3662961622 195295312
3794992098 1820059317 63264836
0 84223283 357701033
1144731129 1702496991 117562326
2153549522 2046878176 261447569
593734757 726830618 239035306
987137385 83279657 943626
2966608008 0 83279657
1734868845 3350732055 46739026
1438972249 2860819577 100601284
2632580852 2308325745 186130037
1262293455 965865924 108845646
412642092 1681183798 21313193
472462518 1305563330 121272239
988081011 496865375 132811563
463275817 2037691475 9186701
3049887665 1074711570 230851760
832770063 1883324153 154367322
1371139101 658997470 67833148
