4062286509 3839153068 91029970
1610728246 3827168971 11474903
2753947407 2725849236 1101319735
2525484879 1829977386 228462528
657837215 1095779595 241604827
1895347620 1337384422 492592964
1425623249 4009599599 185104997
2446068318 3930183038 79416561
1894838426 3838643874 509194
2389619503 896001044 56448815
3855267142 2058439914 207019367
1187459420 657837215 238163829
1622203149 2467395620 172372577
2387940584 952449859 1678919
985523081 2265459281 201936339
4153316479 954128778 141650817
1794575726 4194704596 100262700
899442042 2688664470 37184766
936626808 2639768197 48896273
