0 2682471120 43545350
2829609407 2423668531 227914183
3685065657 3821208881 65673550
1319277847 0 33132672
818263707 3091863377 5216721
3144636417 670795080 1340457
1352410519 895535914 570572224
2709351136 1662268878 120258271
115643652 2726016470 93054822
455333494 1538206440 124062438
3839611769 4030334543 30664857
3750739207 4258515305 36451991
2070721515 33132672 155555065
3132740473 2067641423 5192544
4147162986 3685065657 58311172
4278703737 3743376829 16263559
1070098598 2174489282 249179249
716608392 2072833967 101655315
43545350 1466108138 72098302
3057523590 3016646494 75216883
2700979566 887164344 8371570
4205474158 4060999400 73229579
2226276580 188687737 474702986
1971879519 1968799427 98841996
3931845119 4134228979 124286326
579395932 2819071292 137212460
3137933017 672135537 6703400
1062694241 663390723 7404357
3787191198 3886882431 52420571
269061216 1782527149 186272278
1031805835 2651582714 30888406
823480428 678838937 208325407
3870276626 3759640388 61568493
4056131445 3939303002 91031541
1922982743 3097080098 48896776
208698474 2956283752 60362742
