219529182 731674447 232727899
2748076784 2771987989 46463882
2514344851 4061235363 233731933
0 1369964423 219529182
452257081 362359049 21789881
4243457964 2720478657 51509332
3085663754 3109574959 64704581
1639319644 384148930 347525517
3150368335 3626166922 251414834
1986845161 0 139120377
1382707786 1339581093 30383330
1413091116 1113352565 226228528
2794540666 2818451871 291123088
2125965538 338187591 24171458
474046962 139120377 157229612
2361125570 1100881680 12470885
631276574 296349989 41837602
3401783169 3428035243 198131679
3989702261 3174279540 253755703
2224646236 964402346 136479334
2150136996 2299087215 74509240
3806048654 3877581756 183653607
3599914848 2514344851 206133806
673114176 1589493605 709593610
