4029426902 1202474782 191291587
2764446301 708692227 493782555
2188304413 3350514524 33021460
3318755823 4213528230 67155117
2000392671 620732246 87959981
3754724301 3075811923 274702601
3258228856 1393766369 60526967
2088352652 4113576469 99951761
363515622 1849258760 614077493
1213242541 342257124 11129119
1733046668 353386243 267346003
1224371660 4280683347 14283949
2577070088 2888435710 187376213
4220718489 2832149614 56286096
324294413 1810037551 39221209
3385910940 2463336253 368813361
977593115 3383535984 235649426
1238655609 3619185410 494391059
4277004585 324294413 17962711
2221325873 1454293336 355744215
